10710542996
10710543003
10710543012
10710543021
10710543030
10710543049
10710543058
10710543067
10710543076
10710543085
10710543094
10710543106
10710543115
10710543124
10710543133
10710543254
10710543263
10710543272
10710543281
10710543290
10710543302
10710543320
10710543339
10710543348
10710543366
10710543375
10710543384
10710543393
10710543405
10710543414
10710543423
10710543432
10710543692
10710543704
10710543777
10710543786
10710543795
10710543807
10710543816
10710543825
10710543834
10710543843
10710543852
10710543982
10710543991
10710544008
10710544035
10710544053
10710544419
10710544428
10710544437
10710544446
10710544455
10710544464
10710544473
10710544482
10710544491
10710544503
10710544512
10710544521
10710544530
10710544549
10710544558
10710544567
10710544576
10710544585
10710544594
10710544606
10710544615
10710544624
10710544633
10710544745
10710544754
10710544763
10710544772
10710544781
10710544790
10710544802
10710544820
10710544866
10710544905
10710544914
10710544923
10710544932
10710544941
10710544950
10710544969
10710544978
10710544987
10710544996
10710545003
10710545012
10710545021
10710545030
10710545049
10710545058
10710545067
10710545076
10710545085
10710545188
10710545197
10710545209
10710545227
10710545375
10710545393
10710545405
10710545414
10710545423
10710545487
10710545496
10710545508
10710545517
10710545526
10710545535
10710545544
10710545553
10710545562
10710545571
10710545580
10710545599
10710545601
10710545610
10710545629
10710545638
10710545647
10710545656
10710545665
10710545674
10710545683
10710545692
10710545704
10710545713
10710545722
10710545731
10710545740
10710545759
10710545768
10710545795
10710545898
10710545919
10710545928
10710545937
10710545946
10710545955
10710546268
10710546277
10710546398
10710546400
10710546419
10710546428
10710546437
10710546446
10710546455
10710546464
10710546473
10710546482
10710546491
10710546503
10710546512
10710546558
10710546567
10710546576
10710546585
10710546624
10710546633
10710546642
10710546651
10710546660
10710546679
10710546688
10710546697
10710546709
10710546996
10710547254
10710547263
10710547272
10710547281
10710547290
10710547320
10710547339
10710547348
10710547357
10710547366
10710547526
10710547928
10710547937
10710547946
10710547955
10710547973
10710548101
10710548110
10710548165
10710548174
10710548213
10710548222
10710548231
10710548240
10710548295
10710548512
10710548950
10710548969
10710548978
10710548987
10710548996
10710549003
10710549012
10710549021
10710549030
10710549366
10710549432
10710549441
10710549450
10710549629
10710549692
10710549704
10710549713
10710549740
10710549768
10710549777
10710549786
10710549795
10710549807
10710549825
10710549834
10710549843
10710549852
10710549861
10710549870
10710549889
10710549898
10710549946
10710550377
10710550386
10710550395
10710550621
10710550742
10710550881
10710550890
10710551046
10710551167
10710551176
10710551185
10710551260
10710551279
10710551439
10710551578
10710551608
10710551635
10710551774
10710551783
10710551859
10710551868
10710551916
10710552274
10710552331
10710552733
10710552742
10710553448
10710553493
10710553532
10710553541
10710554032
10710554443
10710555103
10710555774
10710555792
10710556706
10710558818